[config]
vac = ANY
topx = 129.4369078955544
topy = 35.931968680267204
botx = 129.28111700916696
boty = 36.059338527137314
search_time = 0.2
onlyleft = true

